{
 "cells": [
  {
   "cell_type": "code",
   "execution_count": 1,
   "metadata": {},
   "outputs": [],
   "source": [
    "import sys\n",
    "import os\n",
    "from elasticsearch import Elasticsearch\n",
    "from zipfile import ZipFile\n",
    "import re\n",
    "import pandas as pd\n",
    "import json\n",
    "import pytrec_eval\n",
    "import requests"
   ]
  },
  {
   "cell_type": "code",
   "execution_count": 2,
   "metadata": {},
   "outputs": [],
   "source": [
    "def evaluate_run(run_path, qrel_path):\n",
    "    run = pd.read_csv(run_path, sep = ' ', names = ['topic','Q0','id','rank','score','team'])\n",
    "\n",
    "    #run['topic_mustbe'] = 0\n",
    "\n",
    "    #i = 1\n",
    "    #t = 0\n",
    "    #for idx, row in run.iterrows():\n",
    "        #if row['rank']>1:\n",
    "            #run.at[idx,'topic_mustbe']=t\n",
    "        #else:\n",
    "            #t+=1\n",
    "            #run.at[idx,'topic_mustbe']=t\n",
    "\n",
    "#'touche2020-task2-relevance-withbaseline(1).qrels'\n",
    "    qrel = pd.read_csv(qrel_path, sep = ' ', names = ['topic','Q0','id','relevance'])\n",
    "\n",
    "    qrels = {}\n",
    "    for i in range(1,51):\n",
    "        qrels[str(i)] = {}\n",
    "    \n",
    "    for idx, row in qrel.iterrows():\n",
    "        qrels[str(row['topic'])][row['id']] = row['relevance']\n",
    "    \n",
    "    runs = {}\n",
    "    for i in range(1,51):\n",
    "        runs[str(i)] = {}\n",
    "    \n",
    "    for idx, row in run.iterrows():\n",
    "        runs[str(row['topic'])][row['id']] = row['score']\n",
    "\n",
    "    evaluator = pytrec_eval.RelevanceEvaluator(\n",
    "        qrels,{'map_cut', 'ndcg_cut', 'recall', 'P'})\n",
    "#{'map_cut', 'ndcg_cut', 'recall'}\n",
    "    res = evaluator.evaluate(runs)\n",
    "\n",
    "    results = {}\n",
    "    recall = {}\n",
    "    pres = {}\n",
    "    for key in res:\n",
    "        results[key] = res[key]['ndcg_cut_10']\n",
    "        recall[key] = res[key]['recall_10']\n",
    "        pres[key] = res[key]['P_10']\n",
    "        #print(res[key])\n",
    "    \n",
    "    filename = re.split('\\.', sys.argv[1])\n",
    "    with open((filename[0]+'_evaluated.json'), 'w') as f:\n",
    "        json.dump(results, f)\n",
    "        \n",
    "    s = sum(results.values())/50\n",
    "    r = sum(recall.values())/50\n",
    "    p = sum(pres.values())/50\n",
    "    if r+p != 0:\n",
    "        f1 = (2*(r*p)/(r+p))\n",
    "    else: \n",
    "        f1 = 0\n",
    "    '''\n",
    "    print(\"Average ndcg_cut_10: \", s)\n",
    "    print(\"Average recall_10: \", r)\n",
    "    print(\"Av. precision: \", p)\n",
    "    print(\"F1-score: \",f1)\n",
    "    '''    \n",
    "    return s, r, p, f1\n"
   ]
  },
  {
   "cell_type": "code",
   "execution_count": 9,
   "metadata": {},
   "outputs": [
    {
     "name": "stdout",
     "output_type": "stream",
     "text": [
      "run_test_d_t_lem.txt\n",
      "run_test_a_lem.txt\n",
      "run_test_d_t_lem_70.txt\n",
      "run_test_t.txt\n",
      "run_lem_full.txt\n",
      "run_p_t_a_lem.txt\n",
      "run_test_t_a_lem.txt\n",
      "run_test_d_a_lem.txt\n",
      "run_lem.txt\n",
      "run_test_t_a_lem_syn.txt\n",
      "run_t.txt\n",
      "run_p_t.txt\n",
      "run_test_t_lem.txt\n",
      "run_doc.txt\n",
      "run_test_d_lem.txt\n",
      "run_p_t_lem.txt\n",
      "run_p_t_lem_100.txt\n",
      "run_test_d_t_a_lem.txt\n",
      "run.txt\n"
     ]
    }
   ],
   "source": [
    "run = []\n",
    "ndcg = []\n",
    "rec = []\n",
    "prec = []\n",
    "f1s = []\n",
    "\n",
    "for filename in os.listdir('results'):\n",
    "    if filename.endswith(\".txt\"):\n",
    "        print(filename)\n",
    "        s, r, p, f1 = evaluate_run((\"results/{}\").format(filename), 'touche2020-task2-relevance-withbaseline(1).qrels')\n",
    "        run.append(filename)\n",
    "        ndcg.append(s)\n",
    "        rec.append(r)\n",
    "        prec.append(p)\n",
    "        f1s.append(f1)"
   ]
  },
  {
   "cell_type": "code",
   "execution_count": 10,
   "metadata": {},
   "outputs": [
    {
     "name": "stdout",
     "output_type": "stream",
     "text": [
      "                         run  ndcg_cut10  recall_10  precision  f1-score\n",
      "0       run_test_d_t_lem.txt    0.442337   0.271286      0.424  0.330871\n",
      "1         run_test_a_lem.txt    0.267192   0.179525      0.262  0.213059\n",
      "2    run_test_d_t_lem_70.txt    0.360613   0.224717      0.336  0.269315\n",
      "3             run_test_t.txt    0.348324   0.208376      0.344  0.259538\n",
      "4           run_lem_full.txt    0.160281   0.088970      0.160  0.114353\n",
      "5          run_p_t_a_lem.txt    0.295004   0.170775      0.276  0.210996\n",
      "6       run_test_t_a_lem.txt    0.386302   0.250989      0.374  0.300389\n",
      "7       run_test_d_a_lem.txt    0.285701   0.189667      0.278  0.225492\n",
      "8                run_lem.txt    0.000000   0.000000      0.000  0.000000\n",
      "9   run_test_t_a_lem_syn.txt    0.384752   0.252236      0.376  0.301927\n",
      "10                 run_t.txt    0.001395   0.000952      0.002  0.001290\n",
      "11               run_p_t.txt    0.179548   0.110698      0.194  0.140962\n",
      "12        run_test_t_lem.txt    0.372117   0.232918      0.360  0.282840\n",
      "13               run_doc.txt    0.000000   0.000000      0.000  0.000000\n",
      "14        run_test_d_lem.txt    0.317627   0.195354      0.296  0.235369\n",
      "15           run_p_t_lem.txt    0.257900   0.154075      0.250  0.190651\n",
      "16       run_p_t_lem_100.txt    0.165154   0.094086      0.166  0.120101\n",
      "17    run_test_d_t_a_lem.txt    0.384614   0.236975      0.362  0.286439\n",
      "18                   run.txt    0.189794   0.117595      0.204  0.149190\n"
     ]
    }
   ],
   "source": [
    "df = pd.DataFrame({'run':run,'ndcg_cut10':ndcg, 'recall_10':rec, 'precision':prec, 'f1-score':f1s})\n",
    "print(df)"
   ]
  },
  {
   "cell_type": "code",
   "execution_count": 11,
   "metadata": {},
   "outputs": [
    {
     "data": {
      "text/html": [
       "<div>\n",
       "<style scoped>\n",
       "    .dataframe tbody tr th:only-of-type {\n",
       "        vertical-align: middle;\n",
       "    }\n",
       "\n",
       "    .dataframe tbody tr th {\n",
       "        vertical-align: top;\n",
       "    }\n",
       "\n",
       "    .dataframe thead th {\n",
       "        text-align: right;\n",
       "    }\n",
       "</style>\n",
       "<table border=\"1\" class=\"dataframe\">\n",
       "  <thead>\n",
       "    <tr style=\"text-align: right;\">\n",
       "      <th></th>\n",
       "      <th>run</th>\n",
       "      <th>ndcg_cut10</th>\n",
       "      <th>recall_10</th>\n",
       "      <th>precision</th>\n",
       "      <th>f1-score</th>\n",
       "    </tr>\n",
       "  </thead>\n",
       "  <tbody>\n",
       "    <tr>\n",
       "      <th>0</th>\n",
       "      <td>run_test_d_t_lem.txt</td>\n",
       "      <td>0.442337</td>\n",
       "      <td>0.271286</td>\n",
       "      <td>0.424</td>\n",
       "      <td>0.330871</td>\n",
       "    </tr>\n",
       "    <tr>\n",
       "      <th>6</th>\n",
       "      <td>run_test_t_a_lem.txt</td>\n",
       "      <td>0.386302</td>\n",
       "      <td>0.250989</td>\n",
       "      <td>0.374</td>\n",
       "      <td>0.300389</td>\n",
       "    </tr>\n",
       "    <tr>\n",
       "      <th>9</th>\n",
       "      <td>run_test_t_a_lem_syn.txt</td>\n",
       "      <td>0.384752</td>\n",
       "      <td>0.252236</td>\n",
       "      <td>0.376</td>\n",
       "      <td>0.301927</td>\n",
       "    </tr>\n",
       "    <tr>\n",
       "      <th>17</th>\n",
       "      <td>run_test_d_t_a_lem.txt</td>\n",
       "      <td>0.384614</td>\n",
       "      <td>0.236975</td>\n",
       "      <td>0.362</td>\n",
       "      <td>0.286439</td>\n",
       "    </tr>\n",
       "    <tr>\n",
       "      <th>12</th>\n",
       "      <td>run_test_t_lem.txt</td>\n",
       "      <td>0.372117</td>\n",
       "      <td>0.232918</td>\n",
       "      <td>0.360</td>\n",
       "      <td>0.282840</td>\n",
       "    </tr>\n",
       "    <tr>\n",
       "      <th>2</th>\n",
       "      <td>run_test_d_t_lem_70.txt</td>\n",
       "      <td>0.360613</td>\n",
       "      <td>0.224717</td>\n",
       "      <td>0.336</td>\n",
       "      <td>0.269315</td>\n",
       "    </tr>\n",
       "    <tr>\n",
       "      <th>3</th>\n",
       "      <td>run_test_t.txt</td>\n",
       "      <td>0.348324</td>\n",
       "      <td>0.208376</td>\n",
       "      <td>0.344</td>\n",
       "      <td>0.259538</td>\n",
       "    </tr>\n",
       "    <tr>\n",
       "      <th>14</th>\n",
       "      <td>run_test_d_lem.txt</td>\n",
       "      <td>0.317627</td>\n",
       "      <td>0.195354</td>\n",
       "      <td>0.296</td>\n",
       "      <td>0.235369</td>\n",
       "    </tr>\n",
       "    <tr>\n",
       "      <th>5</th>\n",
       "      <td>run_p_t_a_lem.txt</td>\n",
       "      <td>0.295004</td>\n",
       "      <td>0.170775</td>\n",
       "      <td>0.276</td>\n",
       "      <td>0.210996</td>\n",
       "    </tr>\n",
       "    <tr>\n",
       "      <th>7</th>\n",
       "      <td>run_test_d_a_lem.txt</td>\n",
       "      <td>0.285701</td>\n",
       "      <td>0.189667</td>\n",
       "      <td>0.278</td>\n",
       "      <td>0.225492</td>\n",
       "    </tr>\n",
       "    <tr>\n",
       "      <th>1</th>\n",
       "      <td>run_test_a_lem.txt</td>\n",
       "      <td>0.267192</td>\n",
       "      <td>0.179525</td>\n",
       "      <td>0.262</td>\n",
       "      <td>0.213059</td>\n",
       "    </tr>\n",
       "    <tr>\n",
       "      <th>15</th>\n",
       "      <td>run_p_t_lem.txt</td>\n",
       "      <td>0.257900</td>\n",
       "      <td>0.154075</td>\n",
       "      <td>0.250</td>\n",
       "      <td>0.190651</td>\n",
       "    </tr>\n",
       "    <tr>\n",
       "      <th>18</th>\n",
       "      <td>run.txt</td>\n",
       "      <td>0.189794</td>\n",
       "      <td>0.117595</td>\n",
       "      <td>0.204</td>\n",
       "      <td>0.149190</td>\n",
       "    </tr>\n",
       "    <tr>\n",
       "      <th>11</th>\n",
       "      <td>run_p_t.txt</td>\n",
       "      <td>0.179548</td>\n",
       "      <td>0.110698</td>\n",
       "      <td>0.194</td>\n",
       "      <td>0.140962</td>\n",
       "    </tr>\n",
       "    <tr>\n",
       "      <th>16</th>\n",
       "      <td>run_p_t_lem_100.txt</td>\n",
       "      <td>0.165154</td>\n",
       "      <td>0.094086</td>\n",
       "      <td>0.166</td>\n",
       "      <td>0.120101</td>\n",
       "    </tr>\n",
       "    <tr>\n",
       "      <th>4</th>\n",
       "      <td>run_lem_full.txt</td>\n",
       "      <td>0.160281</td>\n",
       "      <td>0.088970</td>\n",
       "      <td>0.160</td>\n",
       "      <td>0.114353</td>\n",
       "    </tr>\n",
       "    <tr>\n",
       "      <th>10</th>\n",
       "      <td>run_t.txt</td>\n",
       "      <td>0.001395</td>\n",
       "      <td>0.000952</td>\n",
       "      <td>0.002</td>\n",
       "      <td>0.001290</td>\n",
       "    </tr>\n",
       "    <tr>\n",
       "      <th>8</th>\n",
       "      <td>run_lem.txt</td>\n",
       "      <td>0.000000</td>\n",
       "      <td>0.000000</td>\n",
       "      <td>0.000</td>\n",
       "      <td>0.000000</td>\n",
       "    </tr>\n",
       "    <tr>\n",
       "      <th>13</th>\n",
       "      <td>run_doc.txt</td>\n",
       "      <td>0.000000</td>\n",
       "      <td>0.000000</td>\n",
       "      <td>0.000</td>\n",
       "      <td>0.000000</td>\n",
       "    </tr>\n",
       "  </tbody>\n",
       "</table>\n",
       "</div>"
      ],
      "text/plain": [
       "                         run  ndcg_cut10  recall_10  precision  f1-score\n",
       "0       run_test_d_t_lem.txt    0.442337   0.271286      0.424  0.330871\n",
       "6       run_test_t_a_lem.txt    0.386302   0.250989      0.374  0.300389\n",
       "9   run_test_t_a_lem_syn.txt    0.384752   0.252236      0.376  0.301927\n",
       "17    run_test_d_t_a_lem.txt    0.384614   0.236975      0.362  0.286439\n",
       "12        run_test_t_lem.txt    0.372117   0.232918      0.360  0.282840\n",
       "2    run_test_d_t_lem_70.txt    0.360613   0.224717      0.336  0.269315\n",
       "3             run_test_t.txt    0.348324   0.208376      0.344  0.259538\n",
       "14        run_test_d_lem.txt    0.317627   0.195354      0.296  0.235369\n",
       "5          run_p_t_a_lem.txt    0.295004   0.170775      0.276  0.210996\n",
       "7       run_test_d_a_lem.txt    0.285701   0.189667      0.278  0.225492\n",
       "1         run_test_a_lem.txt    0.267192   0.179525      0.262  0.213059\n",
       "15           run_p_t_lem.txt    0.257900   0.154075      0.250  0.190651\n",
       "18                   run.txt    0.189794   0.117595      0.204  0.149190\n",
       "11               run_p_t.txt    0.179548   0.110698      0.194  0.140962\n",
       "16       run_p_t_lem_100.txt    0.165154   0.094086      0.166  0.120101\n",
       "4           run_lem_full.txt    0.160281   0.088970      0.160  0.114353\n",
       "10                 run_t.txt    0.001395   0.000952      0.002  0.001290\n",
       "8                run_lem.txt    0.000000   0.000000      0.000  0.000000\n",
       "13               run_doc.txt    0.000000   0.000000      0.000  0.000000"
      ]
     },
     "execution_count": 11,
     "metadata": {},
     "output_type": "execute_result"
    }
   ],
   "source": [
    "df.sort_values(by = ['ndcg_cut10'], ascending = False)"
   ]
  },
  {
   "cell_type": "code",
   "execution_count": 12,
   "metadata": {},
   "outputs": [
    {
     "data": {
      "text/html": [
       "<div>\n",
       "<style scoped>\n",
       "    .dataframe tbody tr th:only-of-type {\n",
       "        vertical-align: middle;\n",
       "    }\n",
       "\n",
       "    .dataframe tbody tr th {\n",
       "        vertical-align: top;\n",
       "    }\n",
       "\n",
       "    .dataframe thead th {\n",
       "        text-align: right;\n",
       "    }\n",
       "</style>\n",
       "<table border=\"1\" class=\"dataframe\">\n",
       "  <thead>\n",
       "    <tr style=\"text-align: right;\">\n",
       "      <th></th>\n",
       "      <th>run</th>\n",
       "      <th>ndcg_cut10</th>\n",
       "      <th>recall_10</th>\n",
       "      <th>precision</th>\n",
       "      <th>f1-score</th>\n",
       "    </tr>\n",
       "  </thead>\n",
       "  <tbody>\n",
       "    <tr>\n",
       "      <th>0</th>\n",
       "      <td>run_test_d_t_lem.txt</td>\n",
       "      <td>0.442337</td>\n",
       "      <td>0.271286</td>\n",
       "      <td>0.424</td>\n",
       "      <td>0.330871</td>\n",
       "    </tr>\n",
       "    <tr>\n",
       "      <th>9</th>\n",
       "      <td>run_test_t_a_lem_syn.txt</td>\n",
       "      <td>0.384752</td>\n",
       "      <td>0.252236</td>\n",
       "      <td>0.376</td>\n",
       "      <td>0.301927</td>\n",
       "    </tr>\n",
       "    <tr>\n",
       "      <th>6</th>\n",
       "      <td>run_test_t_a_lem.txt</td>\n",
       "      <td>0.386302</td>\n",
       "      <td>0.250989</td>\n",
       "      <td>0.374</td>\n",
       "      <td>0.300389</td>\n",
       "    </tr>\n",
       "    <tr>\n",
       "      <th>17</th>\n",
       "      <td>run_test_d_t_a_lem.txt</td>\n",
       "      <td>0.384614</td>\n",
       "      <td>0.236975</td>\n",
       "      <td>0.362</td>\n",
       "      <td>0.286439</td>\n",
       "    </tr>\n",
       "    <tr>\n",
       "      <th>12</th>\n",
       "      <td>run_test_t_lem.txt</td>\n",
       "      <td>0.372117</td>\n",
       "      <td>0.232918</td>\n",
       "      <td>0.360</td>\n",
       "      <td>0.282840</td>\n",
       "    </tr>\n",
       "    <tr>\n",
       "      <th>2</th>\n",
       "      <td>run_test_d_t_lem_70.txt</td>\n",
       "      <td>0.360613</td>\n",
       "      <td>0.224717</td>\n",
       "      <td>0.336</td>\n",
       "      <td>0.269315</td>\n",
       "    </tr>\n",
       "    <tr>\n",
       "      <th>3</th>\n",
       "      <td>run_test_t.txt</td>\n",
       "      <td>0.348324</td>\n",
       "      <td>0.208376</td>\n",
       "      <td>0.344</td>\n",
       "      <td>0.259538</td>\n",
       "    </tr>\n",
       "    <tr>\n",
       "      <th>14</th>\n",
       "      <td>run_test_d_lem.txt</td>\n",
       "      <td>0.317627</td>\n",
       "      <td>0.195354</td>\n",
       "      <td>0.296</td>\n",
       "      <td>0.235369</td>\n",
       "    </tr>\n",
       "    <tr>\n",
       "      <th>7</th>\n",
       "      <td>run_test_d_a_lem.txt</td>\n",
       "      <td>0.285701</td>\n",
       "      <td>0.189667</td>\n",
       "      <td>0.278</td>\n",
       "      <td>0.225492</td>\n",
       "    </tr>\n",
       "    <tr>\n",
       "      <th>1</th>\n",
       "      <td>run_test_a_lem.txt</td>\n",
       "      <td>0.267192</td>\n",
       "      <td>0.179525</td>\n",
       "      <td>0.262</td>\n",
       "      <td>0.213059</td>\n",
       "    </tr>\n",
       "    <tr>\n",
       "      <th>5</th>\n",
       "      <td>run_p_t_a_lem.txt</td>\n",
       "      <td>0.295004</td>\n",
       "      <td>0.170775</td>\n",
       "      <td>0.276</td>\n",
       "      <td>0.210996</td>\n",
       "    </tr>\n",
       "    <tr>\n",
       "      <th>15</th>\n",
       "      <td>run_p_t_lem.txt</td>\n",
       "      <td>0.257900</td>\n",
       "      <td>0.154075</td>\n",
       "      <td>0.250</td>\n",
       "      <td>0.190651</td>\n",
       "    </tr>\n",
       "    <tr>\n",
       "      <th>18</th>\n",
       "      <td>run.txt</td>\n",
       "      <td>0.189794</td>\n",
       "      <td>0.117595</td>\n",
       "      <td>0.204</td>\n",
       "      <td>0.149190</td>\n",
       "    </tr>\n",
       "    <tr>\n",
       "      <th>11</th>\n",
       "      <td>run_p_t.txt</td>\n",
       "      <td>0.179548</td>\n",
       "      <td>0.110698</td>\n",
       "      <td>0.194</td>\n",
       "      <td>0.140962</td>\n",
       "    </tr>\n",
       "    <tr>\n",
       "      <th>16</th>\n",
       "      <td>run_p_t_lem_100.txt</td>\n",
       "      <td>0.165154</td>\n",
       "      <td>0.094086</td>\n",
       "      <td>0.166</td>\n",
       "      <td>0.120101</td>\n",
       "    </tr>\n",
       "    <tr>\n",
       "      <th>4</th>\n",
       "      <td>run_lem_full.txt</td>\n",
       "      <td>0.160281</td>\n",
       "      <td>0.088970</td>\n",
       "      <td>0.160</td>\n",
       "      <td>0.114353</td>\n",
       "    </tr>\n",
       "    <tr>\n",
       "      <th>10</th>\n",
       "      <td>run_t.txt</td>\n",
       "      <td>0.001395</td>\n",
       "      <td>0.000952</td>\n",
       "      <td>0.002</td>\n",
       "      <td>0.001290</td>\n",
       "    </tr>\n",
       "    <tr>\n",
       "      <th>13</th>\n",
       "      <td>run_doc.txt</td>\n",
       "      <td>0.000000</td>\n",
       "      <td>0.000000</td>\n",
       "      <td>0.000</td>\n",
       "      <td>0.000000</td>\n",
       "    </tr>\n",
       "    <tr>\n",
       "      <th>8</th>\n",
       "      <td>run_lem.txt</td>\n",
       "      <td>0.000000</td>\n",
       "      <td>0.000000</td>\n",
       "      <td>0.000</td>\n",
       "      <td>0.000000</td>\n",
       "    </tr>\n",
       "  </tbody>\n",
       "</table>\n",
       "</div>"
      ],
      "text/plain": [
       "                         run  ndcg_cut10  recall_10  precision  f1-score\n",
       "0       run_test_d_t_lem.txt    0.442337   0.271286      0.424  0.330871\n",
       "9   run_test_t_a_lem_syn.txt    0.384752   0.252236      0.376  0.301927\n",
       "6       run_test_t_a_lem.txt    0.386302   0.250989      0.374  0.300389\n",
       "17    run_test_d_t_a_lem.txt    0.384614   0.236975      0.362  0.286439\n",
       "12        run_test_t_lem.txt    0.372117   0.232918      0.360  0.282840\n",
       "2    run_test_d_t_lem_70.txt    0.360613   0.224717      0.336  0.269315\n",
       "3             run_test_t.txt    0.348324   0.208376      0.344  0.259538\n",
       "14        run_test_d_lem.txt    0.317627   0.195354      0.296  0.235369\n",
       "7       run_test_d_a_lem.txt    0.285701   0.189667      0.278  0.225492\n",
       "1         run_test_a_lem.txt    0.267192   0.179525      0.262  0.213059\n",
       "5          run_p_t_a_lem.txt    0.295004   0.170775      0.276  0.210996\n",
       "15           run_p_t_lem.txt    0.257900   0.154075      0.250  0.190651\n",
       "18                   run.txt    0.189794   0.117595      0.204  0.149190\n",
       "11               run_p_t.txt    0.179548   0.110698      0.194  0.140962\n",
       "16       run_p_t_lem_100.txt    0.165154   0.094086      0.166  0.120101\n",
       "4           run_lem_full.txt    0.160281   0.088970      0.160  0.114353\n",
       "10                 run_t.txt    0.001395   0.000952      0.002  0.001290\n",
       "13               run_doc.txt    0.000000   0.000000      0.000  0.000000\n",
       "8                run_lem.txt    0.000000   0.000000      0.000  0.000000"
      ]
     },
     "execution_count": 12,
     "metadata": {},
     "output_type": "execute_result"
    }
   ],
   "source": [
    "df.sort_values(by = ['recall_10'], ascending = False)"
   ]
  },
  {
   "cell_type": "code",
   "execution_count": 13,
   "metadata": {},
   "outputs": [
    {
     "data": {
      "text/html": [
       "<div>\n",
       "<style scoped>\n",
       "    .dataframe tbody tr th:only-of-type {\n",
       "        vertical-align: middle;\n",
       "    }\n",
       "\n",
       "    .dataframe tbody tr th {\n",
       "        vertical-align: top;\n",
       "    }\n",
       "\n",
       "    .dataframe thead th {\n",
       "        text-align: right;\n",
       "    }\n",
       "</style>\n",
       "<table border=\"1\" class=\"dataframe\">\n",
       "  <thead>\n",
       "    <tr style=\"text-align: right;\">\n",
       "      <th></th>\n",
       "      <th>run</th>\n",
       "      <th>ndcg_cut10</th>\n",
       "      <th>recall_10</th>\n",
       "      <th>precision</th>\n",
       "      <th>f1-score</th>\n",
       "    </tr>\n",
       "  </thead>\n",
       "  <tbody>\n",
       "    <tr>\n",
       "      <th>0</th>\n",
       "      <td>run_test_d_t_lem.txt</td>\n",
       "      <td>0.442337</td>\n",
       "      <td>0.271286</td>\n",
       "      <td>0.424</td>\n",
       "      <td>0.330871</td>\n",
       "    </tr>\n",
       "    <tr>\n",
       "      <th>9</th>\n",
       "      <td>run_test_t_a_lem_syn.txt</td>\n",
       "      <td>0.384752</td>\n",
       "      <td>0.252236</td>\n",
       "      <td>0.376</td>\n",
       "      <td>0.301927</td>\n",
       "    </tr>\n",
       "    <tr>\n",
       "      <th>6</th>\n",
       "      <td>run_test_t_a_lem.txt</td>\n",
       "      <td>0.386302</td>\n",
       "      <td>0.250989</td>\n",
       "      <td>0.374</td>\n",
       "      <td>0.300389</td>\n",
       "    </tr>\n",
       "    <tr>\n",
       "      <th>17</th>\n",
       "      <td>run_test_d_t_a_lem.txt</td>\n",
       "      <td>0.384614</td>\n",
       "      <td>0.236975</td>\n",
       "      <td>0.362</td>\n",
       "      <td>0.286439</td>\n",
       "    </tr>\n",
       "    <tr>\n",
       "      <th>12</th>\n",
       "      <td>run_test_t_lem.txt</td>\n",
       "      <td>0.372117</td>\n",
       "      <td>0.232918</td>\n",
       "      <td>0.360</td>\n",
       "      <td>0.282840</td>\n",
       "    </tr>\n",
       "    <tr>\n",
       "      <th>3</th>\n",
       "      <td>run_test_t.txt</td>\n",
       "      <td>0.348324</td>\n",
       "      <td>0.208376</td>\n",
       "      <td>0.344</td>\n",
       "      <td>0.259538</td>\n",
       "    </tr>\n",
       "    <tr>\n",
       "      <th>2</th>\n",
       "      <td>run_test_d_t_lem_70.txt</td>\n",
       "      <td>0.360613</td>\n",
       "      <td>0.224717</td>\n",
       "      <td>0.336</td>\n",
       "      <td>0.269315</td>\n",
       "    </tr>\n",
       "    <tr>\n",
       "      <th>14</th>\n",
       "      <td>run_test_d_lem.txt</td>\n",
       "      <td>0.317627</td>\n",
       "      <td>0.195354</td>\n",
       "      <td>0.296</td>\n",
       "      <td>0.235369</td>\n",
       "    </tr>\n",
       "    <tr>\n",
       "      <th>7</th>\n",
       "      <td>run_test_d_a_lem.txt</td>\n",
       "      <td>0.285701</td>\n",
       "      <td>0.189667</td>\n",
       "      <td>0.278</td>\n",
       "      <td>0.225492</td>\n",
       "    </tr>\n",
       "    <tr>\n",
       "      <th>5</th>\n",
       "      <td>run_p_t_a_lem.txt</td>\n",
       "      <td>0.295004</td>\n",
       "      <td>0.170775</td>\n",
       "      <td>0.276</td>\n",
       "      <td>0.210996</td>\n",
       "    </tr>\n",
       "    <tr>\n",
       "      <th>1</th>\n",
       "      <td>run_test_a_lem.txt</td>\n",
       "      <td>0.267192</td>\n",
       "      <td>0.179525</td>\n",
       "      <td>0.262</td>\n",
       "      <td>0.213059</td>\n",
       "    </tr>\n",
       "    <tr>\n",
       "      <th>15</th>\n",
       "      <td>run_p_t_lem.txt</td>\n",
       "      <td>0.257900</td>\n",
       "      <td>0.154075</td>\n",
       "      <td>0.250</td>\n",
       "      <td>0.190651</td>\n",
       "    </tr>\n",
       "    <tr>\n",
       "      <th>18</th>\n",
       "      <td>run.txt</td>\n",
       "      <td>0.189794</td>\n",
       "      <td>0.117595</td>\n",
       "      <td>0.204</td>\n",
       "      <td>0.149190</td>\n",
       "    </tr>\n",
       "    <tr>\n",
       "      <th>11</th>\n",
       "      <td>run_p_t.txt</td>\n",
       "      <td>0.179548</td>\n",
       "      <td>0.110698</td>\n",
       "      <td>0.194</td>\n",
       "      <td>0.140962</td>\n",
       "    </tr>\n",
       "    <tr>\n",
       "      <th>16</th>\n",
       "      <td>run_p_t_lem_100.txt</td>\n",
       "      <td>0.165154</td>\n",
       "      <td>0.094086</td>\n",
       "      <td>0.166</td>\n",
       "      <td>0.120101</td>\n",
       "    </tr>\n",
       "    <tr>\n",
       "      <th>4</th>\n",
       "      <td>run_lem_full.txt</td>\n",
       "      <td>0.160281</td>\n",
       "      <td>0.088970</td>\n",
       "      <td>0.160</td>\n",
       "      <td>0.114353</td>\n",
       "    </tr>\n",
       "    <tr>\n",
       "      <th>10</th>\n",
       "      <td>run_t.txt</td>\n",
       "      <td>0.001395</td>\n",
       "      <td>0.000952</td>\n",
       "      <td>0.002</td>\n",
       "      <td>0.001290</td>\n",
       "    </tr>\n",
       "    <tr>\n",
       "      <th>13</th>\n",
       "      <td>run_doc.txt</td>\n",
       "      <td>0.000000</td>\n",
       "      <td>0.000000</td>\n",
       "      <td>0.000</td>\n",
       "      <td>0.000000</td>\n",
       "    </tr>\n",
       "    <tr>\n",
       "      <th>8</th>\n",
       "      <td>run_lem.txt</td>\n",
       "      <td>0.000000</td>\n",
       "      <td>0.000000</td>\n",
       "      <td>0.000</td>\n",
       "      <td>0.000000</td>\n",
       "    </tr>\n",
       "  </tbody>\n",
       "</table>\n",
       "</div>"
      ],
      "text/plain": [
       "                         run  ndcg_cut10  recall_10  precision  f1-score\n",
       "0       run_test_d_t_lem.txt    0.442337   0.271286      0.424  0.330871\n",
       "9   run_test_t_a_lem_syn.txt    0.384752   0.252236      0.376  0.301927\n",
       "6       run_test_t_a_lem.txt    0.386302   0.250989      0.374  0.300389\n",
       "17    run_test_d_t_a_lem.txt    0.384614   0.236975      0.362  0.286439\n",
       "12        run_test_t_lem.txt    0.372117   0.232918      0.360  0.282840\n",
       "3             run_test_t.txt    0.348324   0.208376      0.344  0.259538\n",
       "2    run_test_d_t_lem_70.txt    0.360613   0.224717      0.336  0.269315\n",
       "14        run_test_d_lem.txt    0.317627   0.195354      0.296  0.235369\n",
       "7       run_test_d_a_lem.txt    0.285701   0.189667      0.278  0.225492\n",
       "5          run_p_t_a_lem.txt    0.295004   0.170775      0.276  0.210996\n",
       "1         run_test_a_lem.txt    0.267192   0.179525      0.262  0.213059\n",
       "15           run_p_t_lem.txt    0.257900   0.154075      0.250  0.190651\n",
       "18                   run.txt    0.189794   0.117595      0.204  0.149190\n",
       "11               run_p_t.txt    0.179548   0.110698      0.194  0.140962\n",
       "16       run_p_t_lem_100.txt    0.165154   0.094086      0.166  0.120101\n",
       "4           run_lem_full.txt    0.160281   0.088970      0.160  0.114353\n",
       "10                 run_t.txt    0.001395   0.000952      0.002  0.001290\n",
       "13               run_doc.txt    0.000000   0.000000      0.000  0.000000\n",
       "8                run_lem.txt    0.000000   0.000000      0.000  0.000000"
      ]
     },
     "execution_count": 13,
     "metadata": {},
     "output_type": "execute_result"
    }
   ],
   "source": [
    "df.sort_values(by = ['precision'], ascending = False)"
   ]
  },
  {
   "cell_type": "code",
   "execution_count": 14,
   "metadata": {},
   "outputs": [
    {
     "data": {
      "text/html": [
       "<div>\n",
       "<style scoped>\n",
       "    .dataframe tbody tr th:only-of-type {\n",
       "        vertical-align: middle;\n",
       "    }\n",
       "\n",
       "    .dataframe tbody tr th {\n",
       "        vertical-align: top;\n",
       "    }\n",
       "\n",
       "    .dataframe thead th {\n",
       "        text-align: right;\n",
       "    }\n",
       "</style>\n",
       "<table border=\"1\" class=\"dataframe\">\n",
       "  <thead>\n",
       "    <tr style=\"text-align: right;\">\n",
       "      <th></th>\n",
       "      <th>run</th>\n",
       "      <th>ndcg_cut10</th>\n",
       "      <th>recall_10</th>\n",
       "      <th>precision</th>\n",
       "      <th>f1-score</th>\n",
       "    </tr>\n",
       "  </thead>\n",
       "  <tbody>\n",
       "    <tr>\n",
       "      <th>0</th>\n",
       "      <td>run_test_d_t_lem.txt</td>\n",
       "      <td>0.442337</td>\n",
       "      <td>0.271286</td>\n",
       "      <td>0.424</td>\n",
       "      <td>0.330871</td>\n",
       "    </tr>\n",
       "    <tr>\n",
       "      <th>9</th>\n",
       "      <td>run_test_t_a_lem_syn.txt</td>\n",
       "      <td>0.384752</td>\n",
       "      <td>0.252236</td>\n",
       "      <td>0.376</td>\n",
       "      <td>0.301927</td>\n",
       "    </tr>\n",
       "    <tr>\n",
       "      <th>6</th>\n",
       "      <td>run_test_t_a_lem.txt</td>\n",
       "      <td>0.386302</td>\n",
       "      <td>0.250989</td>\n",
       "      <td>0.374</td>\n",
       "      <td>0.300389</td>\n",
       "    </tr>\n",
       "    <tr>\n",
       "      <th>17</th>\n",
       "      <td>run_test_d_t_a_lem.txt</td>\n",
       "      <td>0.384614</td>\n",
       "      <td>0.236975</td>\n",
       "      <td>0.362</td>\n",
       "      <td>0.286439</td>\n",
       "    </tr>\n",
       "    <tr>\n",
       "      <th>12</th>\n",
       "      <td>run_test_t_lem.txt</td>\n",
       "      <td>0.372117</td>\n",
       "      <td>0.232918</td>\n",
       "      <td>0.360</td>\n",
       "      <td>0.282840</td>\n",
       "    </tr>\n",
       "    <tr>\n",
       "      <th>2</th>\n",
       "      <td>run_test_d_t_lem_70.txt</td>\n",
       "      <td>0.360613</td>\n",
       "      <td>0.224717</td>\n",
       "      <td>0.336</td>\n",
       "      <td>0.269315</td>\n",
       "    </tr>\n",
       "    <tr>\n",
       "      <th>3</th>\n",
       "      <td>run_test_t.txt</td>\n",
       "      <td>0.348324</td>\n",
       "      <td>0.208376</td>\n",
       "      <td>0.344</td>\n",
       "      <td>0.259538</td>\n",
       "    </tr>\n",
       "    <tr>\n",
       "      <th>14</th>\n",
       "      <td>run_test_d_lem.txt</td>\n",
       "      <td>0.317627</td>\n",
       "      <td>0.195354</td>\n",
       "      <td>0.296</td>\n",
       "      <td>0.235369</td>\n",
       "    </tr>\n",
       "    <tr>\n",
       "      <th>7</th>\n",
       "      <td>run_test_d_a_lem.txt</td>\n",
       "      <td>0.285701</td>\n",
       "      <td>0.189667</td>\n",
       "      <td>0.278</td>\n",
       "      <td>0.225492</td>\n",
       "    </tr>\n",
       "    <tr>\n",
       "      <th>1</th>\n",
       "      <td>run_test_a_lem.txt</td>\n",
       "      <td>0.267192</td>\n",
       "      <td>0.179525</td>\n",
       "      <td>0.262</td>\n",
       "      <td>0.213059</td>\n",
       "    </tr>\n",
       "    <tr>\n",
       "      <th>5</th>\n",
       "      <td>run_p_t_a_lem.txt</td>\n",
       "      <td>0.295004</td>\n",
       "      <td>0.170775</td>\n",
       "      <td>0.276</td>\n",
       "      <td>0.210996</td>\n",
       "    </tr>\n",
       "    <tr>\n",
       "      <th>15</th>\n",
       "      <td>run_p_t_lem.txt</td>\n",
       "      <td>0.257900</td>\n",
       "      <td>0.154075</td>\n",
       "      <td>0.250</td>\n",
       "      <td>0.190651</td>\n",
       "    </tr>\n",
       "    <tr>\n",
       "      <th>18</th>\n",
       "      <td>run.txt</td>\n",
       "      <td>0.189794</td>\n",
       "      <td>0.117595</td>\n",
       "      <td>0.204</td>\n",
       "      <td>0.149190</td>\n",
       "    </tr>\n",
       "    <tr>\n",
       "      <th>11</th>\n",
       "      <td>run_p_t.txt</td>\n",
       "      <td>0.179548</td>\n",
       "      <td>0.110698</td>\n",
       "      <td>0.194</td>\n",
       "      <td>0.140962</td>\n",
       "    </tr>\n",
       "    <tr>\n",
       "      <th>16</th>\n",
       "      <td>run_p_t_lem_100.txt</td>\n",
       "      <td>0.165154</td>\n",
       "      <td>0.094086</td>\n",
       "      <td>0.166</td>\n",
       "      <td>0.120101</td>\n",
       "    </tr>\n",
       "    <tr>\n",
       "      <th>4</th>\n",
       "      <td>run_lem_full.txt</td>\n",
       "      <td>0.160281</td>\n",
       "      <td>0.088970</td>\n",
       "      <td>0.160</td>\n",
       "      <td>0.114353</td>\n",
       "    </tr>\n",
       "    <tr>\n",
       "      <th>10</th>\n",
       "      <td>run_t.txt</td>\n",
       "      <td>0.001395</td>\n",
       "      <td>0.000952</td>\n",
       "      <td>0.002</td>\n",
       "      <td>0.001290</td>\n",
       "    </tr>\n",
       "    <tr>\n",
       "      <th>13</th>\n",
       "      <td>run_doc.txt</td>\n",
       "      <td>0.000000</td>\n",
       "      <td>0.000000</td>\n",
       "      <td>0.000</td>\n",
       "      <td>0.000000</td>\n",
       "    </tr>\n",
       "    <tr>\n",
       "      <th>8</th>\n",
       "      <td>run_lem.txt</td>\n",
       "      <td>0.000000</td>\n",
       "      <td>0.000000</td>\n",
       "      <td>0.000</td>\n",
       "      <td>0.000000</td>\n",
       "    </tr>\n",
       "  </tbody>\n",
       "</table>\n",
       "</div>"
      ],
      "text/plain": [
       "                         run  ndcg_cut10  recall_10  precision  f1-score\n",
       "0       run_test_d_t_lem.txt    0.442337   0.271286      0.424  0.330871\n",
       "9   run_test_t_a_lem_syn.txt    0.384752   0.252236      0.376  0.301927\n",
       "6       run_test_t_a_lem.txt    0.386302   0.250989      0.374  0.300389\n",
       "17    run_test_d_t_a_lem.txt    0.384614   0.236975      0.362  0.286439\n",
       "12        run_test_t_lem.txt    0.372117   0.232918      0.360  0.282840\n",
       "2    run_test_d_t_lem_70.txt    0.360613   0.224717      0.336  0.269315\n",
       "3             run_test_t.txt    0.348324   0.208376      0.344  0.259538\n",
       "14        run_test_d_lem.txt    0.317627   0.195354      0.296  0.235369\n",
       "7       run_test_d_a_lem.txt    0.285701   0.189667      0.278  0.225492\n",
       "1         run_test_a_lem.txt    0.267192   0.179525      0.262  0.213059\n",
       "5          run_p_t_a_lem.txt    0.295004   0.170775      0.276  0.210996\n",
       "15           run_p_t_lem.txt    0.257900   0.154075      0.250  0.190651\n",
       "18                   run.txt    0.189794   0.117595      0.204  0.149190\n",
       "11               run_p_t.txt    0.179548   0.110698      0.194  0.140962\n",
       "16       run_p_t_lem_100.txt    0.165154   0.094086      0.166  0.120101\n",
       "4           run_lem_full.txt    0.160281   0.088970      0.160  0.114353\n",
       "10                 run_t.txt    0.001395   0.000952      0.002  0.001290\n",
       "13               run_doc.txt    0.000000   0.000000      0.000  0.000000\n",
       "8                run_lem.txt    0.000000   0.000000      0.000  0.000000"
      ]
     },
     "execution_count": 14,
     "metadata": {},
     "output_type": "execute_result"
    }
   ],
   "source": [
    "df.sort_values(by = ['f1-score'], ascending = False)"
   ]
  },
  {
   "cell_type": "code",
   "execution_count": null,
   "metadata": {},
   "outputs": [],
   "source": []
  },
  {
   "cell_type": "code",
   "execution_count": 16,
   "metadata": {},
   "outputs": [],
   "source": [
    "run = []\n",
    "ndcg = []\n",
    "rec = []\n",
    "prec = []\n",
    "f1s = []\n",
    "\n",
    "for filename in os.listdir('res'):\n",
    "    if filename.endswith(\".txt\"):\n",
    "        print(filename)\n",
    "        s, r, p, f1 = evaluate_run((\"res/{}\").format(filename), 'touche2020-task2-relevance-withbaseline(1).qrels')\n",
    "        run.append(filename)\n",
    "        ndcg.append(s)\n",
    "        rec.append(r)\n",
    "        prec.append(p)\n",
    "        f1s.append(f1)"
   ]
  },
  {
   "cell_type": "code",
   "execution_count": 17,
   "metadata": {},
   "outputs": [],
   "source": [
    "df = pd.DataFrame({'run':run,'ndcg_cut10':ndcg, 'recall_10':rec, 'precision':prec, 'f1-score':f1s})"
   ]
  },
  {
   "cell_type": "code",
   "execution_count": 18,
   "metadata": {},
   "outputs": [
    {
     "data": {
      "text/html": [
       "<div>\n",
       "<style scoped>\n",
       "    .dataframe tbody tr th:only-of-type {\n",
       "        vertical-align: middle;\n",
       "    }\n",
       "\n",
       "    .dataframe tbody tr th {\n",
       "        vertical-align: top;\n",
       "    }\n",
       "\n",
       "    .dataframe thead th {\n",
       "        text-align: right;\n",
       "    }\n",
       "</style>\n",
       "<table border=\"1\" class=\"dataframe\">\n",
       "  <thead>\n",
       "    <tr style=\"text-align: right;\">\n",
       "      <th></th>\n",
       "      <th>run</th>\n",
       "      <th>ndcg_cut10</th>\n",
       "      <th>recall_10</th>\n",
       "      <th>precision</th>\n",
       "      <th>f1-score</th>\n",
       "    </tr>\n",
       "  </thead>\n",
       "  <tbody>\n",
       "  </tbody>\n",
       "</table>\n",
       "</div>"
      ],
      "text/plain": [
       "Empty DataFrame\n",
       "Columns: [run, ndcg_cut10, recall_10, precision, f1-score]\n",
       "Index: []"
      ]
     },
     "execution_count": 18,
     "metadata": {},
     "output_type": "execute_result"
    }
   ],
   "source": [
    "df.sort_values(by = ['ndcg_cut10'], ascending = False)"
   ]
  }
 ],
 "metadata": {
  "kernelspec": {
   "display_name": "Python 3",
   "language": "python",
   "name": "python3"
  },
  "language_info": {
   "codemirror_mode": {
    "name": "ipython",
    "version": 3
   },
   "file_extension": ".py",
   "mimetype": "text/x-python",
   "name": "python",
   "nbconvert_exporter": "python",
